37.01
37.01
37.01
37.07
37.07
37.07
37.07
37.07
37.13
37.13
37.13
37.13
37.13
37.13
37.13
37.13
37.20
37.20
37.26
37.26
37.26
37.32
37.32
37.32
37.32
37.39
37.39
37.39
37.39
37.39
37.39
37.45
37.39
37.45
37.45
37.45
37.45
37.45
37.45
37.51
37.51
37.51
37.58
37.51
37.51
37.51
37.51
37.58
37.51
37.58
37.51
37.51
37.51
37.51
37.51
37.58
37.58
37.51
37.58
37.51
37.51
37.51
37.51
37.51
37.51
37.58
37.51
37.51
37.51
37.51
37.51
37.51
37.58
37.58
37.58
37.51
37.51
37.51
37.51
37.51
37.58
37.51
37.51
37.51
37.58
37.51
37.51
37.51
37.51
37.51
37.51
37.51
37.51
37.51
37.51
37.58
37.51
37.51
37.51
37.51
37.51
37.51
37.58
37.51
37.51
37.58
37.51
37.58
37.58
37.58
37.58
37.58
37.58
37.58
37.58
37.64
37.64
37.64
37.71
37.71
37.64
37.71
37.64
37.71
37.71
37.77
37.71
37.77
37.83
37.77
37.77
37.83
37.83
37.83
37.83
37.90
37.83
37.90
37.90
37.90
37.90
37.96
37.64
38.02
38.02
37.01
38.09
36.18
37.32
38.09
38.02
36.75
37.83
38.02
37.83
38.02
36.88
37.90
38.02
37.90
38.02
36.82
37.90
38.02
37.90
38.02
37.90
38.02
37.90
38.02
37.90
38.02
37.83
38.02
38.02
38.72
38.91
37.83
38.91
37.83
38.91
37.83
38.85
37.77
38.78
38.66
38.53
36.63
37.64
38.47
37.07
37.90
37.90
37.90
37.90
37.96
37.32
37.90
37.90
37.96
37.58
37.96
37.77
37.64
37.64
37.58
37.58
37.51
37.51
37.51
37.45
37.45
37.45
37.45
37.45
37.39
37.45
37.39
37.32
37.39
37.32
37.32
37.32
37.26
37.20
37.20
37.13
37.13
37.13
37.07
37.07
37.07
37.07
37.01
37.01
37.07
37.01
37.01
37.01
37.01
37.01
37.01
37.01
37.01
37.01
37.01
37.07
37.01
37.01
37.01
37.01
37.01
37.01
37.01
37.01
37.07
37.01
37.01
37.01
37.01
37.01
37.01
37.01
37.01
37.01
37.01
37.01
37.01
37.01
37.01
37.01
37.01
37.01
37.01
37.01
37.01
37.01
37.01
37.07
37.01
37.01
37.01
37.01
37.01
37.01
37.01
37.01
37.01
37.01
37.01
37.01
37.01
37.01
37.01
37.01
37.01
37.01
37.01
37.01
37.01
37.01
37.01
37.01
37.01
37.01
37.01
37.07
37.01
37.01
37.01
37.01
37.01
37.07
37.01
37.01
37.01
37.01
37.01
37.01
37.01
37.01
37.01
37.07
37.01
37.01
37.01
37.01
37.01
37.01
37.01
37.01
37.01
37.07
37.01
37.01
37.01
37.01
37.01
37.01
37.01
37.01
37.01
37.01
37.01
37.01
37.01
37.01
37.07
37.01
37.01
37.01
37.01
37.01
37.01
37.01
37.01
37.01
37.01
37.01
37.01
37.01
37.07
37.01
37.01
37.01
37.01
37.01
37.01
37.01
37.01
37.01
37.01
37.01
37.01
37.01
37.01
37.01
37.01
37.01
37.01
37.01
37.01
37.01
37.01
37.01
37.01
37.07
37.01
37.01
37.01
37.01
37.01
37.01
37.01
37.01
37.01
37.01
37.01
37.01
37.01
37.01
37.01
37.01
37.01
37.01
37.01
37.01
37.01
37.01
37.01
37.01
37.01
37.01
37.01
37.01
37.01
37.01
37.01
37.01
37.01
37.01
37.01
37.01
37.01
37.01
37.01
37.01
37.01
37.01
37.01
37.07
37.01
37.01
37.01
37.01
37.01
37.01
37.01
37.01
37.01
37.01
37.01
37.01
37.01
37.01
37.01
37.01
37.01
37.01
37.01
37.01
37.01
37.01
37.01
37.01
37.01
37.01
37.01
37.01
37.01
37.01
37.01
37.01
37.01
37.01
37.01
37.01
37.07
37.01
37.01
37.01
37.01
37.01
37.01
37.07
37.01
37.01
37.01
37.01
37.01
37.01
37.01
37.01
37.01
37.01
37.01
37.01
37.01
37.01
37.01
37.01
37.01
37.01
37.01
37.01
37.01
37.01
37.01
37.01
37.01
37.01
37.01
37.01
37.01
37.01
37.01
37.01
37.01
37.01
37.01
37.01
37.01
37.01
37.01
37.01
37.01
37.01
37.07
37.01
37.01
37.07
37.01
37.01
37.01
37.01
37.01
37.01
37.01
37.01
37.01
37.01
37.01
37.01
37.01
37.01
37.01
37.01
37.01
37.01
37.01
37.01
37.01
37.01
37.01
37.01
37.01
37.01
37.01
37.01
37.01
37.01
37.01
37.01
37.01
37.01
37.01
37.01
37.01
37.01
37.01
37.01
37.01
37.01
37.01
37.01
37.01
37.01
37.01
37.01
37.01
37.01
37.01
37.01
37.01
37.01
37.01
37.01
37.01
37.01
37.01
37.01
37.01
37.01
37.01
37.01
37.01
37.01
37.01
37.01
37.07
37.01
37.01
37.01
37.01
37.01
37.01
37.01
37.01
37.01
37.01
37.01
37.01
37.01
37.01
37.01
37.01
37.01
37.01
37.01
37.01
37.01
37.01
37.01
37.01
37.01
37.01
37.01
37.01
37.01
37.01
37.01
37.01
37.01
37.01
37.01
37.01
37.07
37.01
37.01
37.01
37.01
37.01
37.01
37.01
37.01
37.01
37.01
37.01
37.01
37.01
37.01
37.01
37.01
37.01
37.01
37.01
37.01
37.01
37.01
37.01
36.94
37.01
36.94
37.01
36.94
37.01
36.94
36.94
36.94
36.94
36.94
36.94
36.94
36.94
36.88
36.94
36.88
36.88
36.88
36.88
36.88
36.82
36.82
36.88
36.82
36.82
36.82
36.82
36.82
36.82
36.75
36.82
36.75
36.75
36.75
36.69
36.69
36.69
36.69
36.69
36.63
36.63
36.63
36.63
36.56
36.63
36.56
36.63
36.56
36.56
36.56
36.50
36.56
36.50
36.50
36.50
36.50
36.50
36.50
36.50
36.50
36.50
36.50
36.50
36.50
36.50
36.50
36.50
36.50
36.50
36.50
36.50
36.50
36.50
36.50
36.50
36.50
36.50
36.50
36.50
36.50
36.50
36.50
36.50
36.50
36.50
36.50
36.50
36.50
36.50
36.50
36.50
36.50
36.50
36.50
36.50
36.50
36.50
36.50
36.50
36.50
36.50
36.50
36.50
36.50
36.50
36.50
36.50
36.50
36.50
36.50
36.50
36.50
36.44
36.50
36.50
36.50
36.50
36.50
36.50
36.44
36.50
36.44
36.44
36.44
36.44
36.44
36.44
36.44
36.37
36.37
36.31
36.25
36.25
36.25
36.18
36.18
36.12
36.12
36.05
36.05
36.05
36.05
35.99
36.05
36.05
35.99
35.99
35.99
35.99
35.93
35.99
35.93
35.93
35.93
35.86
35.86
35.86
35.86
35.86
35.86
35.86
35.86
35.86
35.86
35.86
35.86
35.86
35.86
35.80
35.86
35.86
35.86
35.86
35.86
35.86
35.86
35.86
35.80
35.86
35.86
35.86
35.86
35.86
35.86
35.86
35.86
35.86
35.86
35.86
35.86
35.86
35.86
35.86
35.86
35.86
35.86
35.86
35.86
35.86
35.86
35.86
35.86
35.86
35.86
35.86
35.86
35.86
35.86
35.86
35.86
35.86
35.86
35.86
35.86
35.86
35.86
35.86
35.86
35.86
35.86
35.86
35.86
35.86
35.86
35.86
35.86
35.86
35.86
35.86
35.86
35.86
35.86
35.86
35.86
35.86
35.86
35.86
35.86
35.86
35.86
35.86
35.86
35.86
35.86
35.86
35.86
35.86
35.86
35.86
35.86
35.86
35.86
35.86
35.86
35.86
35.86
35.86
35.86
35.86
35.86
35.86
35.86
35.86
35.86
35.86
35.86
35.86
35.86
35.86
35.86
35.86
35.86
35.86
35.80
35.80
35.80
35.80
35.80
35.80
35.80
35.80
35.74
35.74
35.67
35.67
35.61
35.61
35.55
35.48
35.48
35.42
35.48
35.48
35.42
35.42
35.42
35.42
35.42
35.36
35.36
35.36
35.36
35.36
35.36
35.36
35.36
35.36
35.36
35.36
35.36
35.36
35.36
35.36
35.36
35.36
35.36
35.36
35.36
35.36
35.36
35.36
35.36
35.36
35.36
35.36
35.29
35.29
35.29
35.29
35.23
35.29
35.23
35.29
35.29
35.23
35.23
35.23
35.23
35.23
35.23
35.23
35.23
35.17
35.17
35.17
35.17
35.17
35.17
35.17
35.17
35.10
35.17
35.10
35.10
35.10
35.10
35.04
35.04
35.04
35.04
35.04
35.04
34.98
34.98
34.98
34.98
34.98
34.91
34.91
34.91
34.85
34.85
34.85
34.79
34.79
34.79
34.79
34.72
34.72
34.72
34.72
34.72
34.66
34.72
34.72
34.72
34.66
34.66
34.66
34.66
34.66
34.66
34.59
34.59
34.59
34.53
34.53
34.53
34.47
34.53
34.53
34.53
34.47
34.47
34.47
34.47
34.47
34.40
34.47
34.40
34.47
34.40
34.40
34.47
34.40
34.47
34.47
34.47
34.47
34.40
34.47
34.47
34.47
34.47
34.47
34.47
34.47
34.40
34.40
34.47
34.47
34.47
34.40
34.40
34.40
34.47
34.47
34.47
34.47
34.47
34.40
34.40
34.47
34.47
34.40
34.47
34.47
34.47
34.40
34.40
34.47
34.47
34.47
34.40
34.47
34.40
34.47
34.40
34.40
34.40
34.34
34.34
34.34
34.34
34.28
34.34
34.34
34.28
34.34
34.34
34.34
34.28
34.34
34.34
34.28
34.28
34.21
34.21
34.15
34.15
34.15
34.09
34.15
34.09
34.09
34.02
33.96
33.96
33.96
33.90
33.90
33.83
33.83
33.77
33.77
33.77
33.71
33.77
33.77
33.77
33.71
33.77
33.77
33.77
33.77
33.71
33.77
33.77
33.71
33.71
33.71
33.71
33.71
33.64
33.71
33.64
33.64
33.64
33.64
33.64
33.58
33.58
33.52
33.52
33.45
33.52
33.45
33.45
33.45
33.45
33.45
33.45
33.45
33.45
33.45
33.39
33.39
33.39
33.33
33.33
33.26
33.26
33.20
33.20
33.20
33.13
33.20
33.20
33.13
33.13
33.07
33.07
33.07
33.07
33.07
33.07
33.13
33.07
33.07
33.07
33.07
33.07
33.07
33.07
33.07
33.07
33.07
33.13
33.07
33.07
33.07
33.07
33.07
33.07
33.07
33.07
33.07
33.07
33.07
33.07
33.07
33.07
33.07
33.07
33.07
33.07
33.07
33.07
33.07
33.07
33.13
33.07
33.07
33.07
33.07
33.07
33.07
33.07
33.07
33.07
33.07
33.07
33.07
33.07
33.07
33.07
33.07
33.07
33.07
33.07
33.07
33.07
33.07
33.13
33.07
33.07
33.07
33.07
33.07
33.07
33.07
33.07
33.07
33.07
33.07
33.07
33.07
33.13
33.07
33.07
33.01
33.07
33.01
33.01
33.01
33.01
33.01
33.01
33.01
32.94
33.01
32.94
32.94
32.94
32.88
32.88
32.94
32.88
32.88
32.88
32.88
32.82
32.82
32.75
32.75
32.69
32.69
32.69
32.63
32.63
32.63
32.63
32.63
32.63
32.69
32.63
32.63
32.63
32.63
32.63
32.63
32.63
32.63
32.63
32.63
32.63
32.63
32.63
32.63
32.63
32.63
32.56
32.63
32.63
32.56
32.63
32.63
32.56
32.56
32.56
32.50
32.50
32.44
32.50
32.44
32.44
32.44
32.44
32.44
32.31
32.37
32.37
32.31
32.31
32.31
32.25
32.25
32.25
32.25
32.25
32.25
32.25
32.18
32.25
32.18
32.18
32.18
32.12
32.12
32.12
32.18
32.12
32.12
32.12
32.18
32.12
32.18
32.12
32.12
32.12
32.12
32.12
32.12
32.12
32.12
32.12
32.12
32.12
32.12
32.18
32.12
32.12
32.18
32.12
32.18
32.12
32.12
32.12
32.12
32.12
32.18
32.12
32.12
32.12
32.12
32.12
32.12
32.12
32.12
32.12
32.12
32.12
32.12
32.12
32.12
32.12
32.12
32.12
32.18
32.12
32.12
32.12
32.12
32.12
32.12
32.06
32.06
32.06
31.99
31.99
31.99
31.93
31.93
31.93
31.87
31.80
31.80
31.74
31.74
31.74
31.74
31.74
31.74
31.67
31.67
31.67
31.61
31.67
31.61
31.61
31.61
31.61
31.55
31.48
31.42
31.48
31.42
31.36
31.29
31.29
31.29
31.29
31.29
31.23
31.29
31.23
31.29
31.23
31.23
31.23
31.17
31.17
31.17
31.17
31.17
31.17
31.17
31.17
31.17
31.17
31.17
31.17
31.17
31.17
31.17
31.17
31.17
31.17
31.17
31.17
31.17
31.17
31.17
31.17
31.17
31.17
31.17
31.17
31.17
31.17
31.17
31.17
31.17
31.17
31.17
31.17
31.17
31.17
31.17
31.17
31.17
31.17
31.17
31.17
31.17
31.17
31.17
31.17
31.17
31.17
31.17
31.10
31.10
31.10
31.04
31.10
31.04
31.04
31.04
30.98
30.98
30.98
30.91
30.91
30.85
30.91
30.85
30.85
30.85
30.79
30.79
30.79
30.72
30.79
30.72
30.72
30.72
30.72
30.66
30.72
30.66
30.72
30.60
30.66
30.60
30.53
30.53
30.53
30.53
30.47
30.47
30.47
30.41
30.34
30.34
30.28
30.28
30.21
30.15
30.15
30.15
30.09
30.15
30.09
30.09
30.02
30.02
29.96
29.90
29.90
29.90
29.90
29.83
29.83
29.77
29.77
29.77
29.77
29.77
29.77
29.77
29.77
29.77
29.77
29.77
29.77
29.77
29.77
29.77
29.77
29.77
29.71
29.77
29.71
29.77
29.77
29.77
29.77
29.77
29.77
29.77
29.77
29.71
29.77
29.77
29.77
29.77
29.77
29.77
29.77
29.77
29.71
29.77
29.77
29.77
29.77
29.77
29.77
29.77
29.77
29.77
29.77
29.77
29.71
29.83
29.71
29.77
29.77
29.77
29.77
29.77
29.77
29.71
29.71
29.71
29.64
29.64
29.64
29.58
29.58
29.52
29.58
29.52
29.52
29.45
29.45
29.39
29.33
29.26
29.20
29.07
29.01
28.95
28.88
28.82
28.75
28.63
28.63
28.56
28.50
28.44
28.44
28.37
28.37
28.37
28.37
28.37
28.37
28.37
28.31
28.31
28.31
28.37
28.31
28.31
28.31
28.37
28.31
28.31
28.31
28.31
28.31
28.31
28.31
28.37
28.31
28.31
28.31
28.31
28.31
28.31
28.31
28.31
28.31
28.31
28.31
28.31
28.31
28.37
28.31
28.37
28.31
28.37
28.37
28.37
28.31
28.37
28.37
28.31
28.31
28.31
28.31
28.37
28.31
28.37
28.31
28.31
28.37
28.37
28.37
28.31
28.37
28.31
28.31
28.31
28.31
28.37
28.31
28.37
28.37
28.37
28.31
28.31
28.37
28.31
28.31
28.31
28.37
28.31
28.31
28.31
28.31
28.37
28.31
28.37
28.31
28.31
28.31
28.31
28.31
28.31
28.31
28.31
28.31
28.25
28.31
28.25
28.25
28.31
28.25
28.31
28.25
28.25
28.25
28.25
28.25
28.25
28.25
28.25
28.25
28.25
28.25
28.25
28.25
28.25
28.25
28.25
28.25
28.25
28.25
28.25
28.25
28.25
28.25
28.25
28.25
28.25
28.25
28.25
28.25
28.25
28.25
28.25
28.25
28.25
28.25
28.25
28.25
28.25
28.25
28.25
28.25
28.25
28.25
28.25
28.25
28.25
28.25
28.25
28.25
28.25
28.25
28.25
28.25
28.25
28.25
28.25
28.25
28.25
28.25
28.25
28.25
28.25
28.25
28.25
28.25
28.25
28.25
28.25
28.25
28.25
28.25
28.25
28.25
28.25
28.25
28.25
28.25
28.25
28.25
28.25
28.25
28.25
28.25
28.25
28.25
28.25
28.25
28.25
28.25
28.25
28.18
28.25
28.25
28.18
28.18
28.25
28.25
28.18
28.18
28.18
28.18
28.18
28.18
28.18
28.12
28.12
28.12
28.12
28.12
28.12
28.12
28.06
28.12
28.06
28.12
28.06
28.12
28.06
28.12
27.99
28.06
28.06
28.06
28.06
28.06
28.06
28.06
27.99
27.99
28.06
27.99
28.06
28.06
27.99
28.06
28.06
27.99
27.99
27.99
27.99
27.99
27.99
27.99
27.99
27.93
27.99
27.93
27.93
27.93
27.93
27.93
27.87
27.93
27.87
27.87
27.87
27.87
27.87
27.87
27.87
27.87
27.80
27.87
27.87
27.80
27.87
27.80
27.80
27.80
27.80
27.74
27.74
27.74
27.74
27.68
27.74
27.68
27.68
27.74
27.68
27.68
27.68
27.68
27.68
27.68
27.68
27.68
27.61
27.68
27.61
27.61
27.61
27.61
27.61
27.55
27.61
27.55
27.61
27.55
27.61
27.61
27.61
27.61
27.61
27.55
27.55
27.61
27.55
27.61
27.61
27.61
27.61
27.55
27.55
27.61
27.61
27.61
27.61
27.68
27.61
27.61
27.61
27.61
27.61
27.61
27.61
27.61
27.61
27.61
27.61
27.61
27.61
27.61
27.61
27.61
27.61
27.61
27.61
27.61
27.61
27.61
27.61
27.61
27.55
27.55
27.49
27.49
27.42
27.42
27.36
27.36
27.36
27.36
27.29
27.42
27.36
27.29
27.36
27.29
27.36
27.29
27.36
27.29
27.36
27.29
27.29
27.29
27.29
27.29
27.29
27.29
27.29
27.29
27.23
27.23
27.23
27.23
27.23
27.23
27.17
27.17
27.17
27.10
27.17
27.10
27.10
27.10
27.10
27.04
27.04
27.04
26.98
26.98
26.98
26.98
26.98
26.98
26.91
26.98
26.91
26.98
26.98
26.91
26.98
26.91
26.98
26.91
26.98
26.91
26.98
26.91
26.98
26.85
26.91
26.91
26.91
26.85
26.85
26.79
26.79
26.79
26.72
26.79
26.72
26.79
26.72
26.72
26.72
26.79
26.72
26.72
26.79
26.72
26.72
26.72
26.72
26.72
26.79
26.72
26.72
26.72
26.72
26.79
26.72
26.72
26.79
26.72
26.79
26.72
26.72
26.72
26.72
26.72
26.72
26.79
26.72
26.72
26.72
26.79
26.72
26.72
26.79
26.72
26.72
26.72
26.72
26.79
26.72
26.79
26.72
26.79
26.79
26.72
26.79
26.72
26.79
26.72
26.79
26.72
26.79
26.72
26.79
26.72
26.72
26.72
26.72
26.72
26.72
26.79
26.72
26.79
26.72
26.72
26.72
26.72
26.72
26.72
26.72
26.72
26.66
26.72
26.66
26.60
26.60
26.60
26.53
26.53
26.53
26.47
26.47
26.41
26.41
26.41
26.34
26.41
26.34
26.34
26.34
26.34
26.34
26.34
26.34
26.28
26.28
26.28
26.28
26.28
26.22
26.28
26.22
26.22
26.22
26.22
26.22
26.15
26.15
26.15
26.15
26.09
26.09
26.09
26.09
26.09
26.09
26.09
26.09
26.09
26.09
26.09
26.03
26.03
26.09
26.03
26.03
26.03
26.03
26.09
26.09
26.03
26.09
26.09
26.03
26.09
26.09
26.09
26.03
26.03
26.09
26.09
26.03
26.03
26.09
26.03
26.09
26.09
26.03
26.03
26.03
26.03
26.03
26.09
26.03
26.03
26.09
26.03
26.03
26.09
26.03
26.03
26.09
26.09
26.03
26.09
26.03
26.03
26.09
26.03
26.03
26.03
26.03
26.09
26.03
26.03
26.03
26.09
26.03
26.03
26.03
26.03
26.03
26.03
26.03
26.09
26.03
26.03
26.09
26.03
26.03
26.03
26.03
26.03
26.03
26.03
26.03
26.03
26.03
26.03
26.03
26.03
26.03
25.96
25.96
25.96
25.90
25.90
25.83
25.83
25.83
25.77
25.77
25.71
25.77
25.77
25.71
25.71
25.71
25.71
25.71
25.71
25.71
25.71
25.71
25.71
25.71
25.71
25.71
25.71
25.71
25.71
25.71
25.71
25.71
25.64
25.64
25.64
25.64
25.71
25.64
25.64
25.64
25.64
25.64
25.64
25.64
25.64
25.64
25.64
25.64
25.64
25.64
25.64
25.64
25.58
25.58
25.58
25.58
25.58
25.58
25.52
25.52
25.52
25.52
25.58
25.52
25.58
25.52
25.52
25.52
25.52
25.52
25.52
25.52
25.52
25.52
25.45
25.52
25.45
25.45
25.45
25.45
25.45
25.45
25.45
25.45
25.45
25.45
25.45
25.45
25.39
25.39
25.39
25.39
25.39
25.39
25.39
25.39
25.39
25.39
25.33
25.39
25.39
25.39
25.33
25.39
25.33
25.39
25.39
25.39
25.39
25.39
25.39
25.33
25.39
25.33
25.33
25.33
25.33
25.33
25.39
25.39
25.33
25.33
25.39
25.39
25.39
25.39
25.39
25.39
25.33
25.33
25.39
25.33
25.33
25.33
25.33
25.33
25.33
25.33
25.39
25.33
25.33
25.39
25.39
25.33
25.33
25.39
25.33
25.33
25.39
25.39
25.33
25.39
25.39
25.39
25.33
25.39
25.39
25.33
25.33
25.33
25.33
25.33
25.33
25.33
25.26
25.26
25.26
25.26
25.20
25.20
25.20
25.14
25.14
25.14
25.14
25.14
25.07
25.07
25.07
25.07
25.07
25.07
25.01
24.95
25.01
24.95
25.01
24.95
24.95
24.95
24.95
24.88
24.95
24.88
24.88
24.88
24.88
24.88
24.82
24.82
24.82
24.82
24.82
24.82
24.82
24.82
24.82
24.82
24.82
24.82
24.82
24.82
24.82
24.82
24.82
24.82
24.82
24.82
24.82
24.82
24.82
24.82
24.82
24.82
24.82
24.82
24.82
24.82
24.76
24.82
24.82
24.82
24.82
24.82
24.82
24.82
24.82
24.82
24.82
24.82
24.82
24.82
24.82
24.82
24.82
24.82
24.82
24.82
24.82
24.82
24.82
24.82
24.82
24.82
24.82
24.82
24.82
24.82
24.82
24.82
24.82
24.82
24.82
24.82
24.82
24.82
24.82
24.82
24.82
24.82
24.82
24.82
24.82
24.82
24.82
24.82
24.82
24.82
24.82
24.82
24.82
24.82
24.82
24.82
24.82
24.82
24.82
24.82
24.82
24.82
24.82
24.82
24.82
24.82
24.82
24.82
24.82
24.82
24.82
24.82
24.82
24.82
24.82
24.82
24.76
24.76
24.76
24.76
24.76
24.69
24.69
24.63
24.63
24.57
24.57
24.57
24.50
24.50
24.50
24.44
24.44
24.44
24.44
24.37
24.37
24.44
24.37
24.37
24.37
24.37
24.37
24.37
24.37
24.37
24.37
24.37
24.37
24.37
24.37
24.31
24.37
24.37
24.31
24.31
24.31
24.31
24.31
24.31
24.31
24.31
24.31
24.31
24.31
24.31
24.31
24.31
24.31
24.31
24.31
24.31
24.31
24.31
24.31
24.31
24.31
24.31
24.31
24.31
24.31
24.31
24.31
24.31
24.31
24.31
24.31
24.31
24.31
24.31
24.31
24.31
24.31
24.31
24.31
24.31
24.31
24.31
24.31
24.31
24.31
24.31
24.31
24.31
24.31
24.31
24.31
24.31
24.31
24.31
24.31
24.31
24.31
24.31
24.31
24.31
24.31
24.31
24.31
24.31
24.31
24.31
24.31
24.31
24.31
24.31
24.31
24.31
24.31
24.31
24.31
24.31
24.31
24.31
24.31
24.31
24.31
24.31
24.31
24.31
24.31
24.31
24.31
24.31
24.31
24.31
24.31
24.31
24.31
24.31
24.31
24.31
24.31
24.31
24.31
24.31
24.31
24.31
24.31
24.31
24.31
24.31
24.31
24.31
24.25
24.25
24.25
24.25
24.25
24.25
24.25
24.25
24.25
24.18
24.18
24.18
24.12
24.12
24.12
24.12
24.06
24.06
24.06
24.06
24.06
23.99
24.06
23.99
23.99
24.06
24.06
24.06
24.06
24.06
23.99
24.06
23.99
23.99
23.99
23.99
23.99
23.99
23.99
23.99
23.99
23.93
23.93
23.93
23.93
23.93
23.93
23.93
23.93
23.93
23.87
23.87
23.93
23.87
23.87
23.87
23.87
23.80
23.80
23.80
23.80
23.80
23.80
23.80
23.80
23.80
23.80
23.80
23.80
23.80
23.80
23.80
23.80
23.80
23.80
23.80
23.80
23.80
23.80
23.80
23.80
23.80
23.80
23.80
23.87
23.80
23.80
23.80
23.80
23.80
23.80
23.80
23.80
23.80
23.80
23.80
23.80
23.80
23.80
23.80
23.80
23.80
23.80
23.80
23.80
23.80
23.80
23.80
23.80
23.80
23.80
23.80
23.80
23.80
23.80
23.80
23.80
23.80
23.80
23.80
23.80
23.80
23.80
23.80
23.80
23.80
23.80
23.80
23.80
23.80
23.80
23.80
23.80
23.80
23.80
23.80
23.80
23.80
23.80
23.80
23.80
23.80
23.80
23.80
23.80
23.80
23.80
23.80
23.80
23.80
23.80
23.80
23.80
23.74
23.80
23.74
23.74
23.80
23.74
23.80
23.74
23.74
23.74
23.74
23.74
23.74
23.74
23.74
23.74
23.68
23.68
23.61
23.68
23.61
23.68
23.61
23.61
23.55
23.55
23.55
23.55
23.55
23.55
23.55
23.55
23.55
23.49
23.49
23.55
23.55
23.55
23.55
23.49
23.49
23.49
23.49
23.49
23.49
23.55
23.49
23.49
23.42
23.42
23.42
23.42
23.36
23.36
23.36
23.30
23.23
23.17
23.17
23.11
23.11
23.11
23.11
23.04
23.04
23.04
23.04
23.11
23.11
23.11
23.04
23.11
23.04
23.04
23.11
23.11
23.11
23.04
23.04
23.11
23.04
23.11
23.04
23.11
23.11
23.11
23.11
23.04
23.11
23.11
23.11
23.11
23.11
23.11
23.11
23.11
23.11
23.11
23.11
23.04
23.11
23.11
23.11
23.11
23.11
23.11
23.11
23.11
23.11
23.11
23.11
23.11
23.11
23.11
23.11
23.11
23.11
23.11
23.11
23.11
23.11
23.11
23.11
23.11
23.11
23.11
23.11
23.11
23.11
23.11
23.11
23.11
23.11
23.11
23.11
23.11
23.11
23.11
23.11
23.11
23.04
23.11
23.11
23.11
23.11
23.11
23.11
23.11
23.11
23.11
23.11
23.11
23.11
23.11
23.11
23.11
23.11
23.11
23.11
23.04
23.11
23.11
23.11
23.11
23.11
23.11
23.11
23.11
23.11
23.11
23.11
23.11
23.11
23.11
23.11
23.11
23.11
23.11
23.11
23.11
23.11
23.11
23.04
23.04
23.04
23.04
23.04
23.11
23.04
23.04
23.04
23.04
23.04
23.04
23.11
23.11
23.11
23.04
23.04
23.04
23.04
23.04
23.04
23.11
23.04
23.04
23.11
23.04
23.04
23.04
23.11
23.11
23.04
23.04
23.04
23.04
23.04
23.11
23.04
23.11
23.11
23.04
23.11
23.04
23.11
23.04
23.04
23.11
23.04
23.11
23.11
23.04
23.04
23.11
23.11
23.04
23.04
23.11
23.11
23.11
23.11
23.04
23.04
23.04
23.11
23.04
23.04
23.11
23.11
23.04
23.11
23.04
23.04
23.04
23.11
23.04
23.04
23.04
23.04
23.04
23.04
23.04
23.04
23.11
23.04
23.04
23.11
23.04
23.04
23.04
23.11
23.04
23.04
23.11
23.11
23.04
23.04
23.11
23.04
23.04
23.11
23.04
23.04
23.04
23.04
23.04
23.11
23.11
23.04
23.04
23.04
23.04
23.04
23.04
23.04
23.04
22.98
22.98
22.98
22.98
22.98
22.98
22.92
22.92
22.92
22.92
22.92
22.92
22.92
22.92
22.92
22.85
22.85
22.85
22.85
22.85
22.92
22.85
22.85
22.85
22.85
22.85
22.85
22.85
22.85
22.85
22.79
22.85
22.79
22.79
22.85
22.79
22.79
22.72
22.72
22.72
22.66
22.66
22.66
22.66
22.66
22.60
22.60
22.60
22.60
22.53
22.60
22.60
22.53
22.60
22.60
22.60
22.53
22.60
22.60
22.60
22.60
22.53
22.53
22.53
22.53
22.53
22.53
22.53
22.53
22.53
22.53
22.53
22.53
22.60
22.60
22.60
22.60
22.60
22.60
22.53
22.60
22.53
22.60
22.60
22.60
22.53
22.53
22.60
22.60
22.60
22.53
22.53
22.53
22.53
22.53
22.53
22.60
22.60
22.60
22.53
22.60
22.60
22.60
22.60
22.60
22.53
22.53
22.60
22.60
22.60
22.60
22.53
22.53
22.53
22.60
22.60
22.60
22.60
22.60
22.60
22.53
22.53
22.53
22.53
22.53
22.53
22.60
22.60
22.53
22.53
22.53
22.53
22.60
22.60
22.60
22.60
22.60
22.60
22.53
22.53
22.60
22.60
22.60
22.60
22.53
22.53
22.53
22.60
22.60
22.60
22.53
22.60
22.60
22.60
22.60
22.53
22.60
22.60
22.53
22.60
22.60
22.60
22.53
22.60
22.60
22.53
22.53
22.53
22.53
22.60
22.60
22.53
22.60
22.60
22.60
22.60
22.53
22.53
22.60
22.60
22.60
22.53
22.60
22.60
22.60
22.60
22.60
22.53
22.53
22.53
22.53
22.60
22.60
22.60
22.60
22.53
22.60
22.60
22.60
22.60
22.60
22.53
22.53
22.47
22.53
22.53
22.47
22.53
22.47
22.47
22.47
22.47
22.47
22.47
22.41
22.41
22.47
22.47
22.41
22.41
22.41
22.47
22.41
22.41
22.41
22.41
22.41
22.41
22.41
22.34
22.41
22.34
22.34
22.34
22.34
22.34
22.34
22.34
22.34
22.34
22.34
22.28
22.28
22.28
22.28
22.28
22.22
22.22
22.22
22.22
22.22
22.15
22.15
22.15
22.22
22.22
22.22
22.22
22.15
22.22
22.22
22.22
22.22
22.22
22.15
22.15
22.15
22.22
22.22
22.22
22.15
22.15
22.22
22.22
22.15
22.22
22.22
22.22
22.15
22.15
22.15
22.22
22.22
22.22
22.22
22.22
22.15
22.15
22.15
22.15
22.22
22.15
22.22
22.22
22.15
22.22
22.22
22.22
22.22
22.22
22.15
22.22
22.15
22.22
22.22
22.22
22.22
22.22
22.22
22.22
22.15
22.15
22.15
22.22
22.22
22.22
22.22
22.15
22.15
22.15
22.15
22.22
22.22
22.22
22.22
22.15
22.15
22.15
22.15
22.22
22.22
22.15
22.22
22.22
22.22
22.22
22.22
22.15
22.22
22.22
22.22
22.15
22.15
22.15
22.22
22.22
22.22
22.15
22.22
22.22
22.22
22.22
22.22
22.15
22.15
22.15
22.22
22.22
22.22
22.22
22.22